Small:
(0) 1 4 5 6 7 10 11 12 15 16 19 (22)
(0) 1 4 5 6 7 10    12 15 16 19 (22)
(0) 1 4 5   7 10 11 12 15 16 19 (22)
(0) 1 4 5   7 10    12 15 16 19 (22)
(0) 1 4   6 7 10 11 12 15 16 19 (22)
(0) 1 4   6 7 10    12 15 16 19 (22)
(0) 1 4     7 10 11 12 15 16 19 (22)
(0) 1 4     7 10    12 15 16 19 (22)

4 5 6 7 10 11 12
4 5 6 7 10    12
4 5   7 10 11 12
4 5   7 10    12
4   6 7 10 11 12
4   6 7 10    12
4     7 10 11 12
4     7 10    12

= 8


Medium:
(0) 1 2 3 4 7 8 9 10 11 14 17 18 19 20 23 24 25 28 31 32 33 34 35 38 39 42 45 46 47 48 49 (52)
(0) r r r 4 7 r r r  11 14 17 r  r  20 23 r  25 28 31 r  r  r  35 38 39 42 45 r  r  r  49 (52)


Routes in:

(52): 49
49: 48, 47, 46
48: 47, 46, 45
47: 46, 45
46: 45
45: 42
42: 39
39: 38
38: 35
35: 34, 33, 32
34: 33, 32, 31
33: 32, 31
32: 31
31: 28
28: 25
25: 24, 23
24: 23
23: 20
20: 19, 18, 17
19: 18, 17
18: 17
17: 14
14: 11
11: 10, 9, 8
10: 9, 8, 7
9:  8, 7
8:  7
7:  4
4:  3, 2, 1
3:  2, 1, (0)
2:  1, (0)
1:  (0)
(0)


0: 1, 2, 3
1: 2, 3, 4
2: 3, 4
3: 4
4: 7
7: 8, 9, 10
8: 9, 10, 11
9: 10, 11
10: 11
11: 14
14: 17
17: 18, 19, 20
18: 19, 20
19: 20
20: 23
23: 24, 25
24: 25
25: 28
28: 31
31: 32, 33, 34
32: 33, 34, 35
33: 34, 35
34: 35
35: 38
38: 39
39: 42
42: 45
45: 46, 47, 48
46: 47, 48, 49
47: 48, 49
48: 49
49: 52

0: 1, 2, 3
1: 2, 3, 4
2: 3, 4
3: 4
4: 7
7: 8, 9, 10
8: 9, 10, 11
9: 10, 11
10: 11
11: 14
14: 17
17: 18, 19, 20
18: 19, 20
19: 20
20: 23
23: 24, 25
24: 25
25: 28
28: 31
31: 32, 33, 34
32: 33, 34, 35
33: 34, 35
34: 35
35: 38
38: 39
39: 42
42: 45
45: 46, 47, 48
46: 47, 48, 49
47: 48, 49
48: 49
49: 52


= 19208

= 1280 * 15